      1            0.  0.0808029622
      2            0.   0.072722666
      3            0.  0.0646423697
      4            0.  0.0565620735
      5            0.  0.0484817773
      6            0.  0.0404014811
      7            0.  0.0323211849
      8            0.  0.0242408887
      9            0.  0.0161605924
     10            0.  0.00808029622
     11            0.            0.
     12  0.00800000038  0.0808029622
     13  0.00800000038   0.072722666
     14  0.00800000038  0.0646423697
     15  0.00800000038  0.0565620735
     16  0.00800000038  0.0484817773
     17  0.00800000038  0.0404014811
     18  0.00800000038  0.0323211849
     19  0.00800000038  0.0242408887
     20  0.00800000038  0.0161605924
     21  0.00800000038  0.00808029622
     22  0.00800000038            0.
     23  0.0160000008  0.0808029622
     24  0.0160000008   0.072722666
     25  0.0160000008  0.0646423697
     26  0.0160000008  0.0565620735
     27  0.0160000008  0.0484817773
     28  0.0160000008  0.0404014811
     29  0.0160000008  0.0323211849
     30  0.0160000008  0.0242408887
     31  0.0160000008  0.0161605924
     32  0.0160000008  0.00808029622
     33  0.0160000008            0.
     34  0.0240000002  0.0808029622
     35  0.0240000002   0.072722666
     36  0.0240000002  0.0646423697
     37  0.0240000002  0.0565620735
     38  0.0240000002  0.0484817773
     39  0.0240000002  0.0404014811
     40  0.0240000002  0.0323211849
     41  0.0240000002  0.0242408887
     42  0.0240000002  0.0161605924
     43  0.0240000002  0.00808029622
     44  0.0240000002            0.
     45  0.0320000015  0.0808029622
     46  0.0320000015   0.072722666
     47  0.0320000015  0.0646423697
     48  0.0320000015  0.0565620735
     49  0.0320000015  0.0484817773
     50  0.0320000015  0.0404014811
     51  0.0320000015  0.0323211849
     52  0.0320000015  0.0242408887
     53  0.0320000015  0.0161605924
     54  0.0320000015  0.00808029622
     55  0.0320000015            0.
     56  0.0399999991  0.0808029622
     57  0.0399999991   0.072722666
     58  0.0399999991  0.0646423697
     59  0.0399999991  0.0565620735
     60  0.0399999991  0.0484817773
     61  0.0399999991  0.0404014811
     62  0.0399999991  0.0323211849
     63  0.0399999991  0.0242408887
     64  0.0399999991  0.0161605924
     65  0.0399999991  0.00808029622
     66  0.0399999991            0.
     67  0.0480000004  0.0808029622
     68  0.0480000004   0.072722666
     69  0.0480000004  0.0646423697
     70  0.0480000004  0.0565620735
     71  0.0480000004  0.0484817773
     72  0.0480000004  0.0404014811
     73  0.0480000004  0.0323211849
     74  0.0480000004  0.0242408887
     75  0.0480000004  0.0161605924
     76  0.0480000004  0.00808029622
     77  0.0480000004            0.
     78  0.0560000017  0.0808029622
     79  0.0560000017   0.072722666
     80  0.0560000017  0.0646423697
     81  0.0560000017  0.0565620735
     82  0.0560000017  0.0484817773
     83  0.0560000017  0.0404014811
     84  0.0560000017  0.0323211849
     85  0.0560000017  0.0242408887
     86  0.0560000017  0.0161605924
     87  0.0560000017  0.00808029622
     88  0.0560000017            0.
     89   0.064000003  0.0808029622
     90   0.064000003   0.072722666
     91   0.064000003  0.0646423697
     92   0.064000003  0.0565620735
     93   0.064000003  0.0484817773
     94   0.064000003  0.0404014811
     95   0.064000003  0.0323211849
     96   0.064000003  0.0242408887
     97   0.064000003  0.0161605924
     98   0.064000003  0.00808029622
     99   0.064000003            0.
    100  0.0719999969  0.0808029622
    101  0.0719999969   0.072722666
    102  0.0719999969  0.0646423697
    103  0.0719999969  0.0565620735
    104  0.0719999969  0.0484817773
    105  0.0719999969  0.0404014811
    106  0.0719999969  0.0323211849
    107  0.0719999969  0.0242408887
    108  0.0719999969  0.0161605924
    109  0.0719999969  0.00808029622
    110  0.0719999969            0.
    111  0.0799999982  0.0808029622
    112  0.0799999982   0.072722666
    113  0.0799999982  0.0646423697
    114  0.0799999982  0.0565620735
    115  0.0799999982  0.0484817773
    116  0.0799999982  0.0404014811
    117  0.0799999982  0.0323211849
    118  0.0799999982  0.0242408887
    119  0.0799999982  0.0161605924
    120  0.0799999982  0.00808029622
    121  0.0799999982            0.
    122  0.0879999995  0.0808029622
    123  0.0879999995   0.072722666
    124  0.0879999995  0.0646423697
    125  0.0879999995  0.0565620735
    126  0.0879999995  0.0484817773
    127  0.0879999995  0.0404014811
    128  0.0879999995  0.0323211849
    129  0.0879999995  0.0242408887
    130  0.0879999995  0.0161605924
    131  0.0879999995  0.00808029622
    132  0.0879999995            0.
    133  0.0960000008  0.0808029622
    134  0.0960000008   0.072722666
    135  0.0960000008  0.0646423697
    136  0.0960000008  0.0565620735
    137  0.0960000008  0.0484817773
    138  0.0960000008  0.0404014811
    139  0.0960000008  0.0323211849
    140  0.0960000008  0.0242408887
    141  0.0960000008  0.0161605924
    142  0.0960000008  0.00808029622
    143  0.0960000008            0.
    144   0.104000002  0.0808029622
    145   0.104000002   0.072722666
    146   0.104000002  0.0646423697
    147   0.104000002  0.0565620735
    148   0.104000002  0.0484817773
    149   0.104000002  0.0404014811
    150   0.104000002  0.0323211849
    151   0.104000002  0.0242408887
    152   0.104000002  0.0161605924
    153   0.104000002  0.00808029622
    154   0.104000002            0.
    155   0.112000003  0.0808029622
    156   0.112000003   0.072722666
    157   0.112000003  0.0646423697
    158   0.112000003  0.0565620735
    159   0.112000003  0.0484817773
    160   0.112000003  0.0404014811
    161   0.112000003  0.0323211849
    162   0.112000003  0.0242408887
    163   0.112000003  0.0161605924
    164   0.112000003  0.00808029622
    165   0.112000003            0.
    166   0.119999997  0.0808029622
    167   0.119999997   0.072722666
    168   0.119999997  0.0646423697
    169   0.119999997  0.0565620735
    170   0.119999997  0.0484817773
    171   0.119999997  0.0404014811
    172   0.119999997  0.0323211849
    173   0.119999997  0.0242408887
    174   0.119999997  0.0161605924
    175   0.119999997  0.00808029622
    176   0.119999997            0.
    177   0.128000006  0.0808029622
    178   0.128000006   0.072722666
    179   0.128000006  0.0646423697
    180   0.128000006  0.0565620735
    181   0.128000006  0.0484817773
    182   0.128000006  0.0404014811
    183   0.128000006  0.0323211849
    184   0.128000006  0.0242408887
    185   0.128000006  0.0161605924
    186   0.128000006  0.00808029622
    187   0.128000006            0.
    188   0.136000007  0.0808029622
    189   0.136000007   0.072722666
    190   0.136000007  0.0646423697
    191   0.136000007  0.0565620735
    192   0.136000007  0.0484817773
    193   0.136000007  0.0404014811
    194   0.136000007  0.0323211849
    195   0.136000007  0.0242408887
    196   0.136000007  0.0161605924
    197   0.136000007  0.00808029622
    198   0.136000007            0.
    199   0.143999994  0.0808029622
    200   0.143999994   0.072722666
    201   0.143999994  0.0646423697
    202   0.143999994  0.0565620735
    203   0.143999994  0.0484817773
    204   0.143999994  0.0404014811
    205   0.143999994  0.0323211849
    206   0.143999994  0.0242408887
    207   0.143999994  0.0161605924
    208   0.143999994  0.00808029622
    209   0.143999994            0.
    210   0.151999995  0.0808029622
    211   0.151999995   0.072722666
    212   0.151999995  0.0646423697
    213   0.151999995  0.0565620735
    214   0.151999995  0.0484817773
    215   0.151999995  0.0404014811
    216   0.151999995  0.0323211849
    217   0.151999995  0.0242408887
    218   0.151999995  0.0161605924
    219   0.151999995  0.00808029622
    220   0.151999995            0.
    221   0.159999996  0.0808029622
    222   0.159999996   0.072722666
    223   0.159999996  0.0646423697
    224   0.159999996  0.0565620735
    225   0.159999996  0.0484817773
    226   0.159999996  0.0404014811
    227   0.159999996  0.0323211849
    228   0.159999996  0.0242408887
    229   0.159999996  0.0161605924
    230   0.159999996  0.00808029622
    231   0.159999996            0.
    232   0.167999998  0.0808029622
    233   0.167999998   0.072722666
    234   0.167999998  0.0646423697
    235   0.167999998  0.0565620735
    236   0.167999998  0.0484817773
    237   0.167999998  0.0404014811
    238   0.167999998  0.0323211849
    239   0.167999998  0.0242408887
    240   0.167999998  0.0161605924
    241   0.167999998  0.00808029622
    242   0.167999998            0.
    243   0.175999999  0.0808029622
    244   0.175999999   0.072722666
    245   0.175999999  0.0646423697
    246   0.175999999  0.0565620735
    247   0.175999999  0.0484817773
    248   0.175999999  0.0404014811
    249   0.175999999  0.0323211849
    250   0.175999999  0.0242408887
    251   0.175999999  0.0161605924
    252   0.175999999  0.00808029622
    253   0.175999999            0.
    254         0.184  0.0808029622
    255         0.184   0.072722666
    256         0.184  0.0646423697
    257         0.184  0.0565620735
    258         0.184  0.0484817773
    259         0.184  0.0404014811
    260         0.184  0.0323211849
    261         0.184  0.0242408887
    262         0.184  0.0161605924
    263         0.184  0.00808029622
    264         0.184            0.
    265   0.192000002  0.0808029622
    266   0.192000002   0.072722666
    267   0.192000002  0.0646423697
    268   0.192000002  0.0565620735
    269   0.192000002  0.0484817773
    270   0.192000002  0.0404014811
    271   0.192000002  0.0323211849
    272   0.192000002  0.0242408887
    273   0.192000002  0.0161605924
    274   0.192000002  0.00808029622
    275   0.192000002            0.
    276   0.200000003  0.0808029622
    277   0.200000003   0.072722666
    278   0.200000003  0.0646423697
    279   0.200000003  0.0565620735
    280   0.200000003  0.0484817773
    281   0.200000003  0.0404014811
    282   0.200000003  0.0323211849
    283   0.200000003  0.0242408887
    284   0.200000003  0.0161605924
    285   0.200000003  0.00808029622
    286   0.200000003            0.
    287   0.208000004  0.0808029622
    288   0.208000004   0.072722666
    289   0.208000004  0.0646423697
    290   0.208000004  0.0565620735
    291   0.208000004  0.0484817773
    292   0.208000004  0.0404014811
    293   0.208000004  0.0323211849
    294   0.208000004  0.0242408887
    295   0.208000004  0.0161605924
    296   0.208000004  0.00808029622
    297   0.208000004            0.
    298   0.216000006  0.0808029622
    299   0.216000006   0.072722666
    300   0.216000006  0.0646423697
    301   0.216000006  0.0565620735
    302   0.216000006  0.0484817773
    303   0.216000006  0.0404014811
    304   0.216000006  0.0323211849
    305   0.216000006  0.0242408887
    306   0.216000006  0.0161605924
    307   0.216000006  0.00808029622
    308   0.216000006            0.
    309   0.224000007  0.0808029622
    310   0.224000007   0.072722666
    311   0.224000007  0.0646423697
    312   0.224000007  0.0565620735
    313   0.224000007  0.0484817773
    314   0.224000007  0.0404014811
    315   0.224000007  0.0323211849
    316   0.224000007  0.0242408887
    317   0.224000007  0.0161605924
    318   0.224000007  0.00808029622
    319   0.224000007            0.
    320   0.231999993  0.0808029622
    321   0.231999993   0.072722666
    322   0.231999993  0.0646423697
    323   0.231999993  0.0565620735
    324   0.231999993  0.0484817773
    325   0.231999993  0.0404014811
    326   0.231999993  0.0323211849
    327   0.231999993  0.0242408887
    328   0.231999993  0.0161605924
    329   0.231999993  0.00808029622
    330   0.231999993            0.
    331   0.239999995  0.0808029622
    332   0.239999995   0.072722666
    333   0.239999995  0.0646423697
    334   0.239999995  0.0565620735
    335   0.239999995  0.0484817773
    336   0.239999995  0.0404014811
    337   0.239999995  0.0323211849
    338   0.239999995  0.0242408887
    339   0.239999995  0.0161605924
    340   0.239999995  0.00808029622
    341   0.239999995            0.
    342   0.247999996  0.0808029622
    343   0.247999996   0.072722666
    344   0.247999996  0.0646423697
    345   0.247999996  0.0565620735
    346   0.247999996  0.0484817773
    347   0.247999996  0.0404014811
    348   0.247999996  0.0323211849
    349   0.247999996  0.0242408887
    350   0.247999996  0.0161605924
    351   0.247999996  0.00808029622
    352   0.247999996            0.
    353   0.256000012  0.0808029622
    354   0.256000012   0.072722666
    355   0.256000012  0.0646423697
    356   0.256000012  0.0565620735
    357   0.256000012  0.0484817773
    358   0.256000012  0.0404014811
    359   0.256000012  0.0323211849
    360   0.256000012  0.0242408887
    361   0.256000012  0.0161605924
    362   0.256000012  0.00808029622
    363   0.256000012            0.
    364   0.263999999  0.0808029622
    365   0.263999999   0.072722666
    366   0.263999999  0.0646423697
    367   0.263999999  0.0565620735
    368   0.263999999  0.0484817773
    369   0.263999999  0.0404014811
    370   0.263999999  0.0323211849
    371   0.263999999  0.0242408887
    372   0.263999999  0.0161605924
    373   0.263999999  0.00808029622
    374   0.263999999            0.
    375   0.272000015  0.0808029622
    376   0.272000015   0.072722666
    377   0.272000015  0.0646423697
    378   0.272000015  0.0565620735
    379   0.272000015  0.0484817773
    380   0.272000015  0.0404014811
    381   0.272000015  0.0323211849
    382   0.272000015  0.0242408887
    383   0.272000015  0.0161605924
    384   0.272000015  0.00808029622
    385   0.272000015            0.
    386   0.280000001  0.0808029622
    387   0.280000001   0.072722666
    388   0.280000001  0.0646423697
    389   0.280000001  0.0565620735
    390   0.280000001  0.0484817773
    391   0.280000001  0.0404014811
    392   0.280000001  0.0323211849
    393   0.280000001  0.0242408887
    394   0.280000001  0.0161605924
    395   0.280000001  0.00808029622
    396   0.280000001            0.
    397   0.287999988  0.0808029622
    398   0.287999988   0.072722666
    399   0.287999988  0.0646423697
    400   0.287999988  0.0565620735
    401   0.287999988  0.0484817773
    402   0.287999988  0.0404014811
    403   0.287999988  0.0323211849
    404   0.287999988  0.0242408887
    405   0.287999988  0.0161605924
    406   0.287999988  0.00808029622
    407   0.287999988            0.
    408   0.296000004  0.0808029622
    409   0.296000004   0.072722666
    410   0.296000004  0.0646423697
    411   0.296000004  0.0565620735
    412   0.296000004  0.0484817773
    413   0.296000004  0.0404014811
    414   0.296000004  0.0323211849
    415   0.296000004  0.0242408887
    416   0.296000004  0.0161605924
    417   0.296000004  0.00808029622
    418   0.296000004            0.
    419    0.30399999  0.0808029622
    420    0.30399999   0.072722666
    421    0.30399999  0.0646423697
    422    0.30399999  0.0565620735
    423    0.30399999  0.0484817773
    424    0.30399999  0.0404014811
    425    0.30399999  0.0323211849
    426    0.30399999  0.0242408887
    427    0.30399999  0.0161605924
    428    0.30399999  0.00808029622
    429    0.30399999            0.
    430   0.312000006  0.0808029622
    431   0.312000006   0.072722666
    432   0.312000006  0.0646423697
    433   0.312000006  0.0565620735
    434   0.312000006  0.0484817773
    435   0.312000006  0.0404014811
    436   0.312000006  0.0323211849
    437   0.312000006  0.0242408887
    438   0.312000006  0.0161605924
    439   0.312000006  0.00808029622
    440   0.312000006            0.
    441   0.319999993  0.0808029622
    442   0.319999993   0.072722666
    443   0.319999993  0.0646423697
    444   0.319999993  0.0565620735
    445   0.319999993  0.0484817773
    446   0.319999993  0.0404014811
    447   0.319999993  0.0323211849
    448   0.319999993  0.0242408887
    449   0.319999993  0.0161605924
    450   0.319999993  0.00808029622
    451   0.319999993            0.
    452   0.328000009  0.0808029622
    453   0.328000009   0.072722666
    454   0.328000009  0.0646423697
    455   0.328000009  0.0565620735
    456   0.328000009  0.0484817773
    457   0.328000009  0.0404014811
    458   0.328000009  0.0323211849
    459   0.328000009  0.0242408887
    460   0.328000009  0.0161605924
    461   0.328000009  0.00808029622
    462   0.328000009            0.
    463   0.335999995  0.0808029622
    464   0.335999995   0.072722666
    465   0.335999995  0.0646423697
    466   0.335999995  0.0565620735
    467   0.335999995  0.0484817773
    468   0.335999995  0.0404014811
    469   0.335999995  0.0323211849
    470   0.335999995  0.0242408887
    471   0.335999995  0.0161605924
    472   0.335999995  0.00808029622
    473   0.335999995            0.
    474   0.344000012  0.0808029622
    475   0.344000012   0.072722666
    476   0.344000012  0.0646423697
    477   0.344000012  0.0565620735
    478   0.344000012  0.0484817773
    479   0.344000012  0.0404014811
    480   0.344000012  0.0323211849
    481   0.344000012  0.0242408887
    482   0.344000012  0.0161605924
    483   0.344000012  0.00808029622
    484   0.344000012            0.
    485   0.351999998  0.0808029622
    486   0.351999998   0.072722666
    487   0.351999998  0.0646423697
    488   0.351999998  0.0565620735
    489   0.351999998  0.0484817773
    490   0.351999998  0.0404014811
    491   0.351999998  0.0323211849
    492   0.351999998  0.0242408887
    493   0.351999998  0.0161605924
    494   0.351999998  0.00808029622
    495   0.351999998            0.
    496   0.360000014  0.0808029622
    497   0.360000014   0.072722666
    498   0.360000014  0.0646423697
    499   0.360000014  0.0565620735
    500   0.360000014  0.0484817773
    501   0.360000014  0.0404014811
    502   0.360000014  0.0323211849
    503   0.360000014  0.0242408887
    504   0.360000014  0.0161605924
    505   0.360000014  0.00808029622
    506   0.360000014            0.
    507   0.368000001  0.0808029622
    508   0.368000001   0.072722666
    509   0.368000001  0.0646423697
    510   0.368000001  0.0565620735
    511   0.368000001  0.0484817773
    512   0.368000001  0.0404014811
    513   0.368000001  0.0323211849
    514   0.368000001  0.0242408887
    515   0.368000001  0.0161605924
    516   0.368000001  0.00808029622
    517   0.368000001            0.
    518   0.375999987  0.0808029622
    519   0.375999987   0.072722666
    520   0.375999987  0.0646423697
    521   0.375999987  0.0565620735
    522   0.375999987  0.0484817773
    523   0.375999987  0.0404014811
    524   0.375999987  0.0323211849
    525   0.375999987  0.0242408887
    526   0.375999987  0.0161605924
    527   0.375999987  0.00808029622
    528   0.375999987            0.
    529   0.384000003  0.0808029622
    530   0.384000003   0.072722666
    531   0.384000003  0.0646423697
    532   0.384000003  0.0565620735
    533   0.384000003  0.0484817773
    534   0.384000003  0.0404014811
    535   0.384000003  0.0323211849
    536   0.384000003  0.0242408887
    537   0.384000003  0.0161605924
    538   0.384000003  0.00808029622
    539   0.384000003            0.
    540    0.39199999  0.0808029622
    541    0.39199999   0.072722666
    542    0.39199999  0.0646423697
    543    0.39199999  0.0565620735
    544    0.39199999  0.0484817773
    545    0.39199999  0.0404014811
    546    0.39199999  0.0323211849
    547    0.39199999  0.0242408887
    548    0.39199999  0.0161605924
    549    0.39199999  0.00808029622
    550    0.39199999            0.
    551   0.400000006  0.0808029622
    552   0.400000006   0.072722666
    553   0.400000006  0.0646423697
    554   0.400000006  0.0565620735
    555   0.400000006  0.0484817773
    556   0.400000006  0.0404014811
    557   0.400000006  0.0323211849
    558   0.400000006  0.0242408887
    559   0.400000006  0.0161605924
    560   0.400000006  0.00808029622
    561   0.400000006            0.